,0,1,2,3,4,5,6,7
2018-01-03,DETG18 Comdty,DETH18 Comdty,DETJ18 Comdty,DETK18 Comdty,DETM18 Comdty,DETN18 Comdty,DETQ18 Comdty,DETU18 Comdty
2018-01-10,DETG18 Comdty,DETH18 Comdty,DETJ18 Comdty,DETK18 Comdty,DETM18 Comdty,DETN18 Comdty,DETQ18 Comdty,DETU18 Comdty
2018-01-17,DETG18 Comdty,DETH18 Comdty,DETJ18 Comdty,DETK18 Comdty,DETM18 Comdty,DETN18 Comdty,DETQ18 Comdty,DETU18 Comdty
2018-01-24,DETG18 Comdty,DETH18 Comdty,DETJ18 Comdty,DETK18 Comdty,DETM18 Comdty,DETN18 Comdty,DETQ18 Comdty,DETU18 Comdty
2018-01-31,DETG18 Comdty,DETH18 Comdty,DETJ18 Comdty,DETK18 Comdty,DETM18 Comdty,DETN18 Comdty,DETQ18 Comdty,DETU18 Comdty
2018-02-07,DETH18 Comdty,DETJ18 Comdty,DETK18 Comdty,DETM18 Comdty,DETN18 Comdty,DETQ18 Comdty,DETU18 Comdty,DETV18 Comdty
2018-02-14,DETH18 Comdty,DETJ18 Comdty,DETK18 Comdty,DETM18 Comdty,DETN18 Comdty,DETQ18 Comdty,DETU18 Comdty,DETV18 Comdty
2018-02-21,DETH18 Comdty,DETJ18 Comdty,DETK18 Comdty,DETM18 Comdty,DETN18 Comdty,DETQ18 Comdty,DETU18 Comdty,DETV18 Comdty
2018-02-28,DETH18 Comdty,DETJ18 Comdty,DETK18 Comdty,DETM18 Comdty,DETN18 Comdty,DETQ18 Comdty,DETU18 Comdty,DETV18 Comdty
2018-03-07,DETJ18 Comdty,DETK18 Comdty,DETM18 Comdty,DETN18 Comdty,DETQ18 Comdty,DETU18 Comdty,DETV18 Comdty,DETX18 Comdty
2018-03-14,DETJ18 Comdty,DETK18 Comdty,DETM18 Comdty,DETN18 Comdty,DETQ18 Comdty,DETU18 Comdty,DETV18 Comdty,DETX18 Comdty
2018-03-21,DETJ18 Comdty,DETK18 Comdty,DETM18 Comdty,DETN18 Comdty,DETQ18 Comdty,DETU18 Comdty,DETV18 Comdty,DETX18 Comdty
2018-03-28,DETJ18 Comdty,DETK18 Comdty,DETM18 Comdty,DETN18 Comdty,DETQ18 Comdty,DETU18 Comdty,DETV18 Comdty,DETX18 Comdty
2018-04-04,DETK18 Comdty,DETM18 Comdty,DETN18 Comdty,DETQ18 Comdty,DETU18 Comdty,DETV18 Comdty,DETX18 Comdty,DETZ18 Comdty
2018-04-11,DETK18 Comdty,DETM18 Comdty,DETN18 Comdty,DETQ18 Comdty,DETU18 Comdty,DETV18 Comdty,DETX18 Comdty,DETZ18 Comdty
2018-04-18,DETK18 Comdty,DETM18 Comdty,DETN18 Comdty,DETQ18 Comdty,DETU18 Comdty,DETV18 Comdty,DETX18 Comdty,DETZ18 Comdty
2018-04-25,DETK18 Comdty,DETM18 Comdty,DETN18 Comdty,DETQ18 Comdty,DETU18 Comdty,DETV18 Comdty,DETX18 Comdty,DETZ18 Comdty
2018-05-02,DETM18 Comdty,DETN18 Comdty,DETQ18 Comdty,DETU18 Comdty,DETV18 Comdty,DETX18 Comdty,DETZ18 Comdty,DETF19 Comdty
2018-05-09,DETM18 Comdty,DETN18 Comdty,DETQ18 Comdty,DETU18 Comdty,DETV18 Comdty,DETX18 Comdty,DETZ18 Comdty,DETF19 Comdty
2018-05-16,DETM18 Comdty,DETN18 Comdty,DETQ18 Comdty,DETU18 Comdty,DETV18 Comdty,DETX18 Comdty,DETZ18 Comdty,DETF19 Comdty
2018-05-23,DETM18 Comdty,DETN18 Comdty,DETQ18 Comdty,DETU18 Comdty,DETV18 Comdty,DETX18 Comdty,DETZ18 Comdty,DETF19 Comdty
2018-05-30,DETM18 Comdty,DETN18 Comdty,DETQ18 Comdty,DETU18 Comdty,DETV18 Comdty,DETX18 Comdty,DETZ18 Comdty,DETF19 Comdty
2018-06-06,DETN18 Comdty,DETQ18 Comdty,DETU18 Comdty,DETV18 Comdty,DETX18 Comdty,DETZ18 Comdty,DETF19 Comdty,DETG19 Comdty
2018-06-13,DETN18 Comdty,DETQ18 Comdty,DETU18 Comdty,DETV18 Comdty,DETX18 Comdty,DETZ18 Comdty,DETF19 Comdty,DETG19 Comdty
2018-06-20,DETN18 Comdty,DETQ18 Comdty,DETU18 Comdty,DETV18 Comdty,DETX18 Comdty,DETZ18 Comdty,DETF19 Comdty,DETG19 Comdty
2018-06-27,DETN18 Comdty,DETQ18 Comdty,DETU18 Comdty,DETV18 Comdty,DETX18 Comdty,DETZ18 Comdty,DETF19 Comdty,DETG19 Comdty
2018-07-04,DETQ18 Comdty,DETU18 Comdty,DETV18 Comdty,DETX18 Comdty,DETZ18 Comdty,DETF19 Comdty,DETG19 Comdty,DETH19 Comdty
2018-07-11,DETQ18 Comdty,DETU18 Comdty,DETV18 Comdty,DETX18 Comdty,DETZ18 Comdty,DETF19 Comdty,DETG19 Comdty,DETH19 Comdty
2018-07-18,DETQ18 Comdty,DETU18 Comdty,DETV18 Comdty,DETX18 Comdty,DETZ18 Comdty,DETF19 Comdty,DETG19 Comdty,DETH19 Comdty
2018-07-25,DETQ18 Comdty,DETU18 Comdty,DETV18 Comdty,DETX18 Comdty,DETZ18 Comdty,DETF19 Comdty,DETG19 Comdty,DETH19 Comdty
2018-08-01,DETU18 Comdty,DETV18 Comdty,DETX18 Comdty,DETZ18 Comdty,DETF19 Comdty,DETG19 Comdty,DETH19 Comdty,DETJ19 Comdty
2018-08-08,DETU18 Comdty,DETV18 Comdty,DETX18 Comdty,DETZ18 Comdty,DETF19 Comdty,DETG19 Comdty,DETH19 Comdty,DETJ19 Comdty
2018-08-15,DETU18 Comdty,DETV18 Comdty,DETX18 Comdty,DETZ18 Comdty,DETF19 Comdty,DETG19 Comdty,DETH19 Comdty,DETJ19 Comdty
2018-08-22,DETU18 Comdty,DETV18 Comdty,DETX18 Comdty,DETZ18 Comdty,DETF19 Comdty,DETG19 Comdty,DETH19 Comdty,DETJ19 Comdty
2018-08-29,DETU18 Comdty,DETV18 Comdty,DETX18 Comdty,DETZ18 Comdty,DETF19 Comdty,DETG19 Comdty,DETH19 Comdty,DETJ19 Comdty
2018-09-05,DETV18 Comdty,DETX18 Comdty,DETZ18 Comdty,DETF19 Comdty,DETG19 Comdty,DETH19 Comdty,DETJ19 Comdty,DETK19 Comdty
2018-09-12,DETV18 Comdty,DETX18 Comdty,DETZ18 Comdty,DETF19 Comdty,DETG19 Comdty,DETH19 Comdty,DETJ19 Comdty,DETK19 Comdty
2018-09-19,DETV18 Comdty,DETX18 Comdty,DETZ18 Comdty,DETF19 Comdty,DETG19 Comdty,DETH19 Comdty,DETJ19 Comdty,DETK19 Comdty
2018-09-26,DETV18 Comdty,DETX18 Comdty,DETZ18 Comdty,DETF19 Comdty,DETG19 Comdty,DETH19 Comdty,DETJ19 Comdty,DETK19 Comdty
2018-10-03,DETX18 Comdty,DETZ18 Comdty,DETF19 Comdty,DETG19 Comdty,DETH19 Comdty,DETJ19 Comdty,DETK19 Comdty,DETM19 Comdty
2018-10-10,DETX18 Comdty,DETZ18 Comdty,DETF19 Comdty,DETG19 Comdty,DETH19 Comdty,DETJ19 Comdty,DETK19 Comdty,DETM19 Comdty
2018-10-17,DETX18 Comdty,DETZ18 Comdty,DETF19 Comdty,DETG19 Comdty,DETH19 Comdty,DETJ19 Comdty,DETK19 Comdty,DETM19 Comdty
2018-10-24,DETX18 Comdty,DETZ18 Comdty,DETF19 Comdty,DETG19 Comdty,DETH19 Comdty,DETJ19 Comdty,DETK19 Comdty,DETM19 Comdty
2018-10-31,DETX18 Comdty,DETZ18 Comdty,DETF19 Comdty,DETG19 Comdty,DETH19 Comdty,DETJ19 Comdty,DETK19 Comdty,DETM19 Comdty
2018-11-07,DETZ18 Comdty,DETF19 Comdty,DETG19 Comdty,DETH19 Comdty,DETJ19 Comdty,DETK19 Comdty,DETM19 Comdty,DETN19 Comdty
2018-11-14,DETZ18 Comdty,DETF19 Comdty,DETG19 Comdty,DETH19 Comdty,DETJ19 Comdty,DETK19 Comdty,DETM19 Comdty,DETN19 Comdty
2018-11-21,DETZ18 Comdty,DETF19 Comdty,DETG19 Comdty,DETH19 Comdty,DETJ19 Comdty,DETK19 Comdty,DETM19 Comdty,DETN19 Comdty
2018-11-28,DETZ18 Comdty,DETF19 Comdty,DETG19 Comdty,DETH19 Comdty,DETJ19 Comdty,DETK19 Comdty,DETM19 Comdty,DETN19 Comdty
2018-12-05,DETF19 Comdty,DETG19 Comdty,DETH19 Comdty,DETJ19 Comdty,DETK19 Comdty,DETM19 Comdty,DETN19 Comdty,DETQ19 Comdty
2018-12-12,DETF19 Comdty,DETG19 Comdty,DETH19 Comdty,DETJ19 Comdty,DETK19 Comdty,DETM19 Comdty,DETN19 Comdty,DETQ19 Comdty
2018-12-19,DETF19 Comdty,DETG19 Comdty,DETH19 Comdty,DETJ19 Comdty,DETK19 Comdty,DETM19 Comdty,DETN19 Comdty,DETQ19 Comdty
2018-12-28,DETF19 Comdty,DETG19 Comdty,DETH19 Comdty,DETJ19 Comdty,DETK19 Comdty,DETM19 Comdty,DETN19 Comdty,DETQ19 Comdty
2019-01-02,DETG19 Comdty,DETH19 Comdty,DETJ19 Comdty,DETK19 Comdty,DETM19 Comdty,DETN19 Comdty,DETQ19 Comdty,DETU19 Comdty
2019-01-09,DETG19 Comdty,DETH19 Comdty,DETJ19 Comdty,DETK19 Comdty,DETM19 Comdty,DETN19 Comdty,DETQ19 Comdty,DETU19 Comdty
2019-01-16,DETG19 Comdty,DETH19 Comdty,DETJ19 Comdty,DETK19 Comdty,DETM19 Comdty,DETN19 Comdty,DETQ19 Comdty,DETU19 Comdty
2019-01-23,DETG19 Comdty,DETH19 Comdty,DETJ19 Comdty,DETK19 Comdty,DETM19 Comdty,DETN19 Comdty,DETQ19 Comdty,DETU19 Comdty
2019-01-30,DETG19 Comdty,DETH19 Comdty,DETJ19 Comdty,DETK19 Comdty,DETM19 Comdty,DETN19 Comdty,DETQ19 Comdty,DETU19 Comdty
2019-02-06,DETH19 Comdty,DETJ19 Comdty,DETK19 Comdty,DETM19 Comdty,DETN19 Comdty,DETQ19 Comdty,DETU19 Comdty,DETV19 Comdty
2019-02-13,DETH19 Comdty,DETJ19 Comdty,DETK19 Comdty,DETM19 Comdty,DETN19 Comdty,DETQ19 Comdty,DETU19 Comdty,DETV19 Comdty
2019-02-20,DETH19 Comdty,DETJ19 Comdty,DETK19 Comdty,DETM19 Comdty,DETN19 Comdty,DETQ19 Comdty,DETU19 Comdty,DETV19 Comdty
2019-02-27,DETH19 Comdty,DETJ19 Comdty,DETK19 Comdty,DETM19 Comdty,DETN19 Comdty,DETQ19 Comdty,DETU19 Comdty,DETV19 Comdty
2019-03-06,DETJ19 Comdty,DETK19 Comdty,DETM19 Comdty,DETN19 Comdty,DETQ19 Comdty,DETU19 Comdty,DETV19 Comdty,DETX19 Comdty
2019-03-13,DETJ19 Comdty,DETK19 Comdty,DETM19 Comdty,DETN19 Comdty,DETQ19 Comdty,DETU19 Comdty,DETV19 Comdty,DETX19 Comdty
2019-03-20,DETJ19 Comdty,DETK19 Comdty,DETM19 Comdty,DETN19 Comdty,DETQ19 Comdty,DETU19 Comdty,DETV19 Comdty,DETX19 Comdty
2019-03-27,DETJ19 Comdty,DETK19 Comdty,DETM19 Comdty,DETN19 Comdty,DETQ19 Comdty,DETU19 Comdty,DETV19 Comdty,DETX19 Comdty
2019-04-03,DETK19 Comdty,DETM19 Comdty,DETN19 Comdty,DETQ19 Comdty,DETU19 Comdty,DETV19 Comdty,DETX19 Comdty,DETZ19 Comdty
2019-04-10,DETK19 Comdty,DETM19 Comdty,DETN19 Comdty,DETQ19 Comdty,DETU19 Comdty,DETV19 Comdty,DETX19 Comdty,DETZ19 Comdty
2019-04-17,DETK19 Comdty,DETM19 Comdty,DETN19 Comdty,DETQ19 Comdty,DETU19 Comdty,DETV19 Comdty,DETX19 Comdty,DETZ19 Comdty
2019-04-24,DETK19 Comdty,DETM19 Comdty,DETN19 Comdty,DETQ19 Comdty,DETU19 Comdty,DETV19 Comdty,DETX19 Comdty,DETZ19 Comdty
2019-05-03,DETM19 Comdty,DETN19 Comdty,DETQ19 Comdty,DETU19 Comdty,DETV19 Comdty,DETX19 Comdty,DETZ19 Comdty,DETF20 Comdty
2019-05-08,DETM19 Comdty,DETN19 Comdty,DETQ19 Comdty,DETU19 Comdty,DETV19 Comdty,DETX19 Comdty,DETZ19 Comdty,DETF20 Comdty
2019-05-15,DETM19 Comdty,DETN19 Comdty,DETQ19 Comdty,DETU19 Comdty,DETV19 Comdty,DETX19 Comdty,DETZ19 Comdty,DETF20 Comdty
2019-05-22,DETM19 Comdty,DETN19 Comdty,DETQ19 Comdty,DETU19 Comdty,DETV19 Comdty,DETX19 Comdty,DETZ19 Comdty,DETF20 Comdty
2019-05-29,DETM19 Comdty,DETN19 Comdty,DETQ19 Comdty,DETU19 Comdty,DETV19 Comdty,DETX19 Comdty,DETZ19 Comdty,DETF20 Comdty
2019-06-05,DETN19 Comdty,DETQ19 Comdty,DETU19 Comdty,DETV19 Comdty,DETX19 Comdty,DETZ19 Comdty,DETF20 Comdty,DETG20 Comdty
2019-06-12,DETN19 Comdty,DETQ19 Comdty,DETU19 Comdty,DETV19 Comdty,DETX19 Comdty,DETZ19 Comdty,DETF20 Comdty,DETG20 Comdty
2019-06-19,DETN19 Comdty,DETQ19 Comdty,DETU19 Comdty,DETV19 Comdty,DETX19 Comdty,DETZ19 Comdty,DETF20 Comdty,DETG20 Comdty
2019-06-26,DETN19 Comdty,DETQ19 Comdty,DETU19 Comdty,DETV19 Comdty,DETX19 Comdty,DETZ19 Comdty,DETF20 Comdty,DETG20 Comdty
2019-07-03,DETQ19 Comdty,DETU19 Comdty,DETV19 Comdty,DETX19 Comdty,DETZ19 Comdty,DETF20 Comdty,DETG20 Comdty,DETH20 Comdty
2019-07-10,DETQ19 Comdty,DETU19 Comdty,DETV19 Comdty,DETX19 Comdty,DETZ19 Comdty,DETF20 Comdty,DETG20 Comdty,DETH20 Comdty
2019-07-17,DETQ19 Comdty,DETU19 Comdty,DETV19 Comdty,DETX19 Comdty,DETZ19 Comdty,DETF20 Comdty,DETG20 Comdty,DETH20 Comdty
2019-07-24,DETQ19 Comdty,DETU19 Comdty,DETV19 Comdty,DETX19 Comdty,DETZ19 Comdty,DETF20 Comdty,DETG20 Comdty,DETH20 Comdty
2019-07-31,DETQ19 Comdty,DETU19 Comdty,DETV19 Comdty,DETX19 Comdty,DETZ19 Comdty,DETF20 Comdty,DETG20 Comdty,DETH20 Comdty
2019-08-07,DETU19 Comdty,DETV19 Comdty,DETX19 Comdty,DETZ19 Comdty,DETF20 Comdty,DETG20 Comdty,DETH20 Comdty,DETJ20 Comdty
2019-08-14,DETU19 Comdty,DETV19 Comdty,DETX19 Comdty,DETZ19 Comdty,DETF20 Comdty,DETG20 Comdty,DETH20 Comdty,DETJ20 Comdty
2019-08-21,DETU19 Comdty,DETV19 Comdty,DETX19 Comdty,DETZ19 Comdty,DETF20 Comdty,DETG20 Comdty,DETH20 Comdty,DETJ20 Comdty
2019-08-28,DETU19 Comdty,DETV19 Comdty,DETX19 Comdty,DETZ19 Comdty,DETF20 Comdty,DETG20 Comdty,DETH20 Comdty,DETJ20 Comdty
2019-09-04,DETV19 Comdty,DETX19 Comdty,DETZ19 Comdty,DETF20 Comdty,DETG20 Comdty,DETH20 Comdty,DETJ20 Comdty,DETK20 Comdty
2019-09-11,DETV19 Comdty,DETX19 Comdty,DETZ19 Comdty,DETF20 Comdty,DETG20 Comdty,DETH20 Comdty,DETJ20 Comdty,DETK20 Comdty
2019-09-18,DETV19 Comdty,DETX19 Comdty,DETZ19 Comdty,DETF20 Comdty,DETG20 Comdty,DETH20 Comdty,DETJ20 Comdty,DETK20 Comdty
2019-09-25,DETV19 Comdty,DETX19 Comdty,DETZ19 Comdty,DETF20 Comdty,DETG20 Comdty,DETH20 Comdty,DETJ20 Comdty,DETK20 Comdty
2019-10-02,DETX19 Comdty,DETZ19 Comdty,DETF20 Comdty,DETG20 Comdty,DETH20 Comdty,DETJ20 Comdty,DETK20 Comdty,DETM20 Comdty
2019-10-09,DETX19 Comdty,DETZ19 Comdty,DETF20 Comdty,DETG20 Comdty,DETH20 Comdty,DETJ20 Comdty,DETK20 Comdty,DETM20 Comdty
2019-10-16,DETX19 Comdty,DETZ19 Comdty,DETF20 Comdty,DETG20 Comdty,DETH20 Comdty,DETJ20 Comdty,DETK20 Comdty,DETM20 Comdty
2019-10-23,DETX19 Comdty,DETZ19 Comdty,DETF20 Comdty,DETG20 Comdty,DETH20 Comdty,DETJ20 Comdty,DETK20 Comdty,DETM20 Comdty
2019-10-30,DETX19 Comdty,DETZ19 Comdty,DETF20 Comdty,DETG20 Comdty,DETH20 Comdty,DETJ20 Comdty,DETK20 Comdty,DETM20 Comdty
2019-11-06,DETZ19 Comdty,DETF20 Comdty,DETG20 Comdty,DETH20 Comdty,DETJ20 Comdty,DETK20 Comdty,DETM20 Comdty,DETN20 Comdty
2019-11-13,DETZ19 Comdty,DETF20 Comdty,DETG20 Comdty,DETH20 Comdty,DETJ20 Comdty,DETK20 Comdty,DETM20 Comdty,DETN20 Comdty
2019-11-20,DETZ19 Comdty,DETF20 Comdty,DETG20 Comdty,DETH20 Comdty,DETJ20 Comdty,DETK20 Comdty,DETM20 Comdty,DETN20 Comdty
2019-11-27,DETZ19 Comdty,DETF20 Comdty,DETG20 Comdty,DETH20 Comdty,DETJ20 Comdty,DETK20 Comdty,DETM20 Comdty,DETN20 Comdty
2019-12-04,DETF20 Comdty,DETG20 Comdty,DETH20 Comdty,DETJ20 Comdty,DETK20 Comdty,DETM20 Comdty,DETN20 Comdty,DETQ20 Comdty
2019-12-11,DETF20 Comdty,DETG20 Comdty,DETH20 Comdty,DETJ20 Comdty,DETK20 Comdty,DETM20 Comdty,DETN20 Comdty,DETQ20 Comdty
2019-12-18,DETF20 Comdty,DETG20 Comdty,DETH20 Comdty,DETJ20 Comdty,DETK20 Comdty,DETM20 Comdty,DETN20 Comdty,DETQ20 Comdty
2019-12-27,DETF20 Comdty,DETG20 Comdty,DETH20 Comdty,DETJ20 Comdty,DETK20 Comdty,DETM20 Comdty,DETN20 Comdty,DETQ20 Comdty
2020-01-03,DETG20 Comdty,DETH20 Comdty,DETJ20 Comdty,DETK20 Comdty,DETM20 Comdty,DETN20 Comdty,DETQ20 Comdty,DETU20 Comdty
2020-01-08,DETG20 Comdty,DETH20 Comdty,DETJ20 Comdty,DETK20 Comdty,DETM20 Comdty,DETN20 Comdty,DETQ20 Comdty,DETU20 Comdty
2020-01-15,DETG20 Comdty,DETH20 Comdty,DETJ20 Comdty,DETK20 Comdty,DETM20 Comdty,DETN20 Comdty,DETQ20 Comdty,DETU20 Comdty
2020-01-22,DETG20 Comdty,DETH20 Comdty,DETJ20 Comdty,DETK20 Comdty,DETM20 Comdty,DETN20 Comdty,DETQ20 Comdty,DETU20 Comdty
2020-01-29,DETG20 Comdty,DETH20 Comdty,DETJ20 Comdty,DETK20 Comdty,DETM20 Comdty,DETN20 Comdty,DETQ20 Comdty,DETU20 Comdty
2020-02-05,DETH20 Comdty,DETJ20 Comdty,DETK20 Comdty,DETM20 Comdty,DETN20 Comdty,DETQ20 Comdty,DETU20 Comdty,DETV20 Comdty
2020-02-12,DETH20 Comdty,DETJ20 Comdty,DETK20 Comdty,DETM20 Comdty,DETN20 Comdty,DETQ20 Comdty,DETU20 Comdty,DETV20 Comdty
2020-02-19,DETH20 Comdty,DETJ20 Comdty,DETK20 Comdty,DETM20 Comdty,DETN20 Comdty,DETQ20 Comdty,DETU20 Comdty,DETV20 Comdty
2020-02-26,DETH20 Comdty,DETJ20 Comdty,DETK20 Comdty,DETM20 Comdty,DETN20 Comdty,DETQ20 Comdty,DETU20 Comdty,DETV20 Comdty
2020-03-04,DETJ20 Comdty,DETK20 Comdty,DETM20 Comdty,DETN20 Comdty,DETQ20 Comdty,DETU20 Comdty,DETV20 Comdty,DETX20 Comdty
2020-03-11,DETJ20 Comdty,DETK20 Comdty,DETM20 Comdty,DETN20 Comdty,DETQ20 Comdty,DETU20 Comdty,DETV20 Comdty,DETX20 Comdty
2020-03-18,DETJ20 Comdty,DETK20 Comdty,DETM20 Comdty,DETN20 Comdty,DETQ20 Comdty,DETU20 Comdty,DETV20 Comdty,DETX20 Comdty
2020-03-25,DETJ20 Comdty,DETK20 Comdty,DETM20 Comdty,DETN20 Comdty,DETQ20 Comdty,DETU20 Comdty,DETV20 Comdty,DETX20 Comdty
2020-04-01,DETK20 Comdty,DETM20 Comdty,DETN20 Comdty,DETQ20 Comdty,DETU20 Comdty,DETV20 Comdty,DETX20 Comdty,DETZ20 Comdty
2020-04-08,DETK20 Comdty,DETM20 Comdty,DETN20 Comdty,DETQ20 Comdty,DETU20 Comdty,DETV20 Comdty,DETX20 Comdty,DETZ20 Comdty
2020-04-15,DETK20 Comdty,DETM20 Comdty,DETN20 Comdty,DETQ20 Comdty,DETU20 Comdty,DETV20 Comdty,DETX20 Comdty,DETZ20 Comdty
2020-04-22,DETK20 Comdty,DETM20 Comdty,DETN20 Comdty,DETQ20 Comdty,DETU20 Comdty,DETV20 Comdty,DETX20 Comdty,DETZ20 Comdty
2020-04-29,DETK20 Comdty,DETM20 Comdty,DETN20 Comdty,DETQ20 Comdty,DETU20 Comdty,DETV20 Comdty,DETX20 Comdty,DETZ20 Comdty
2020-05-06,DETM20 Comdty,DETN20 Comdty,DETQ20 Comdty,DETU20 Comdty,DETV20 Comdty,DETX20 Comdty,DETZ20 Comdty,DETF21 Comdty
2020-05-13,DETM20 Comdty,DETN20 Comdty,DETQ20 Comdty,DETU20 Comdty,DETV20 Comdty,DETX20 Comdty,DETZ20 Comdty,DETF21 Comdty
2020-05-20,DETM20 Comdty,DETN20 Comdty,DETQ20 Comdty,DETU20 Comdty,DETV20 Comdty,DETX20 Comdty,DETZ20 Comdty,DETF21 Comdty
2020-05-27,DETM20 Comdty,DETN20 Comdty,DETQ20 Comdty,DETU20 Comdty,DETV20 Comdty,DETX20 Comdty,DETZ20 Comdty,DETF21 Comdty
2020-06-03,DETN20 Comdty,DETQ20 Comdty,DETU20 Comdty,DETV20 Comdty,DETX20 Comdty,DETZ20 Comdty,DETF21 Comdty,DETG21 Comdty
2020-06-10,DETN20 Comdty,DETQ20 Comdty,DETU20 Comdty,DETV20 Comdty,DETX20 Comdty,DETZ20 Comdty,DETF21 Comdty,DETG21 Comdty
2020-06-17,DETN20 Comdty,DETQ20 Comdty,DETU20 Comdty,DETV20 Comdty,DETX20 Comdty,DETZ20 Comdty,DETF21 Comdty,DETG21 Comdty
2020-06-24,DETN20 Comdty,DETQ20 Comdty,DETU20 Comdty,DETV20 Comdty,DETX20 Comdty,DETZ20 Comdty,DETF21 Comdty,DETG21 Comdty
2020-07-01,DETQ20 Comdty,DETU20 Comdty,DETV20 Comdty,DETX20 Comdty,DETZ20 Comdty,DETF21 Comdty,DETG21 Comdty,DETH21 Comdty
2020-07-08,DETQ20 Comdty,DETU20 Comdty,DETV20 Comdty,DETX20 Comdty,DETZ20 Comdty,DETF21 Comdty,DETG21 Comdty,DETH21 Comdty
2020-07-15,DETQ20 Comdty,DETU20 Comdty,DETV20 Comdty,DETX20 Comdty,DETZ20 Comdty,DETF21 Comdty,DETG21 Comdty,DETH21 Comdty
2020-07-22,DETQ20 Comdty,DETU20 Comdty,DETV20 Comdty,DETX20 Comdty,DETZ20 Comdty,DETF21 Comdty,DETG21 Comdty,DETH21 Comdty
2020-07-29,DETQ20 Comdty,DETU20 Comdty,DETV20 Comdty,DETX20 Comdty,DETZ20 Comdty,DETF21 Comdty,DETG21 Comdty,DETH21 Comdty
2020-08-05,DETU20 Comdty,DETV20 Comdty,DETX20 Comdty,DETZ20 Comdty,DETF21 Comdty,DETG21 Comdty,DETH21 Comdty,DETJ21 Comdty
2020-08-12,DETU20 Comdty,DETV20 Comdty,DETX20 Comdty,DETZ20 Comdty,DETF21 Comdty,DETG21 Comdty,DETH21 Comdty,DETJ21 Comdty
2020-08-19,DETU20 Comdty,DETV20 Comdty,DETX20 Comdty,DETZ20 Comdty,DETF21 Comdty,DETG21 Comdty,DETH21 Comdty,DETJ21 Comdty
2020-08-26,DETU20 Comdty,DETV20 Comdty,DETX20 Comdty,DETZ20 Comdty,DETF21 Comdty,DETG21 Comdty,DETH21 Comdty,DETJ21 Comdty
2020-09-02,DETV20 Comdty,DETX20 Comdty,DETZ20 Comdty,DETF21 Comdty,DETG21 Comdty,DETH21 Comdty,DETJ21 Comdty,DETK21 Comdty
2020-09-09,DETV20 Comdty,DETX20 Comdty,DETZ20 Comdty,DETF21 Comdty,DETG21 Comdty,DETH21 Comdty,DETJ21 Comdty,DETK21 Comdty
2020-09-16,DETV20 Comdty,DETX20 Comdty,DETZ20 Comdty,DETF21 Comdty,DETG21 Comdty,DETH21 Comdty,DETJ21 Comdty,DETK21 Comdty
2020-09-23,DETV20 Comdty,DETX20 Comdty,DETZ20 Comdty,DETF21 Comdty,DETG21 Comdty,DETH21 Comdty,DETJ21 Comdty,DETK21 Comdty
2020-09-30,DETV20 Comdty,DETX20 Comdty,DETZ20 Comdty,DETF21 Comdty,DETG21 Comdty,DETH21 Comdty,DETJ21 Comdty,DETK21 Comdty
2020-10-07,DETX20 Comdty,DETZ20 Comdty,DETF21 Comdty,DETG21 Comdty,DETH21 Comdty,DETJ21 Comdty,DETK21 Comdty,DETM21 Comdty
2020-10-14,DETX20 Comdty,DETZ20 Comdty,DETF21 Comdty,DETG21 Comdty,DETH21 Comdty,DETJ21 Comdty,DETK21 Comdty,DETM21 Comdty
2020-10-21,DETX20 Comdty,DETZ20 Comdty,DETF21 Comdty,DETG21 Comdty,DETH21 Comdty,DETJ21 Comdty,DETK21 Comdty,DETM21 Comdty
2020-10-28,DETX20 Comdty,DETZ20 Comdty,DETF21 Comdty,DETG21 Comdty,DETH21 Comdty,DETJ21 Comdty,DETK21 Comdty,DETM21 Comdty
2020-11-04,DETZ20 Comdty,DETF21 Comdty,DETG21 Comdty,DETH21 Comdty,DETJ21 Comdty,DETK21 Comdty,DETM21 Comdty,DETN21 Comdty
2020-11-11,DETZ20 Comdty,DETF21 Comdty,DETG21 Comdty,DETH21 Comdty,DETJ21 Comdty,DETK21 Comdty,DETM21 Comdty,DETN21 Comdty
2020-11-18,DETZ20 Comdty,DETF21 Comdty,DETG21 Comdty,DETH21 Comdty,DETJ21 Comdty,DETK21 Comdty,DETM21 Comdty,DETN21 Comdty
2020-11-25,DETZ20 Comdty,DETF21 Comdty,DETG21 Comdty,DETH21 Comdty,DETJ21 Comdty,DETK21 Comdty,DETM21 Comdty,DETN21 Comdty
2020-12-02,DETF21 Comdty,DETG21 Comdty,DETH21 Comdty,DETJ21 Comdty,DETK21 Comdty,DETM21 Comdty,DETN21 Comdty,DETQ21 Comdty
2020-12-09,DETF21 Comdty,DETG21 Comdty,DETH21 Comdty,DETJ21 Comdty,DETK21 Comdty,DETM21 Comdty,DETN21 Comdty,DETQ21 Comdty
2020-12-16,DETF21 Comdty,DETG21 Comdty,DETH21 Comdty,DETJ21 Comdty,DETK21 Comdty,DETM21 Comdty,DETN21 Comdty,DETQ21 Comdty
2020-12-23,DETF21 Comdty,DETG21 Comdty,DETH21 Comdty,DETJ21 Comdty,DETK21 Comdty,DETM21 Comdty,DETN21 Comdty,DETQ21 Comdty
2020-12-30,DETF21 Comdty,DETG21 Comdty,DETH21 Comdty,DETJ21 Comdty,DETK21 Comdty,DETM21 Comdty,DETN21 Comdty,DETQ21 Comdty
2021-01-06,DETG21 Comdty,DETH21 Comdty,DETJ21 Comdty,DETK21 Comdty,DETM21 Comdty,DETN21 Comdty,DETQ21 Comdty,DETU21 Comdty
2021-01-13,DETG21 Comdty,DETH21 Comdty,DETJ21 Comdty,DETK21 Comdty,DETM21 Comdty,DETN21 Comdty,DETQ21 Comdty,DETU21 Comdty
2021-01-20,DETG21 Comdty,DETH21 Comdty,DETJ21 Comdty,DETK21 Comdty,DETM21 Comdty,DETN21 Comdty,DETQ21 Comdty,DETU21 Comdty
2021-01-27,DETG21 Comdty,DETH21 Comdty,DETJ21 Comdty,DETK21 Comdty,DETM21 Comdty,DETN21 Comdty,DETQ21 Comdty,DETU21 Comdty
2021-02-03,DETH21 Comdty,DETJ21 Comdty,DETK21 Comdty,DETM21 Comdty,DETN21 Comdty,DETQ21 Comdty,DETU21 Comdty,DETV21 Comdty
2021-02-10,DETH21 Comdty,DETJ21 Comdty,DETK21 Comdty,DETM21 Comdty,DETN21 Comdty,DETQ21 Comdty,DETU21 Comdty,DETV21 Comdty
2021-02-17,DETH21 Comdty,DETJ21 Comdty,DETK21 Comdty,DETM21 Comdty,DETN21 Comdty,DETQ21 Comdty,DETU21 Comdty,DETV21 Comdty
2021-02-24,DETH21 Comdty,DETJ21 Comdty,DETK21 Comdty,DETM21 Comdty,DETN21 Comdty,DETQ21 Comdty,DETU21 Comdty,DETV21 Comdty
2021-03-03,DETJ21 Comdty,DETK21 Comdty,DETM21 Comdty,DETN21 Comdty,DETQ21 Comdty,DETU21 Comdty,DETV21 Comdty,DETX21 Comdty
2021-03-10,DETJ21 Comdty,DETK21 Comdty,DETM21 Comdty,DETN21 Comdty,DETQ21 Comdty,DETU21 Comdty,DETV21 Comdty,DETX21 Comdty
2021-03-17,DETJ21 Comdty,DETK21 Comdty,DETM21 Comdty,DETN21 Comdty,DETQ21 Comdty,DETU21 Comdty,DETV21 Comdty,DETX21 Comdty
2021-03-24,DETJ21 Comdty,DETK21 Comdty,DETM21 Comdty,DETN21 Comdty,DETQ21 Comdty,DETU21 Comdty,DETV21 Comdty,DETX21 Comdty
2021-03-31,DETJ21 Comdty,DETK21 Comdty,DETM21 Comdty,DETN21 Comdty,DETQ21 Comdty,DETU21 Comdty,DETV21 Comdty,DETX21 Comdty
2021-04-07,DETK21 Comdty,DETM21 Comdty,DETN21 Comdty,DETQ21 Comdty,DETU21 Comdty,DETV21 Comdty,DETX21 Comdty,DETZ21 Comdty
2021-04-14,DETK21 Comdty,DETM21 Comdty,DETN21 Comdty,DETQ21 Comdty,DETU21 Comdty,DETV21 Comdty,DETX21 Comdty,DETZ21 Comdty
2021-04-21,DETK21 Comdty,DETM21 Comdty,DETN21 Comdty,DETQ21 Comdty,DETU21 Comdty,DETV21 Comdty,DETX21 Comdty,DETZ21 Comdty
2021-04-28,DETK21 Comdty,DETM21 Comdty,DETN21 Comdty,DETQ21 Comdty,DETU21 Comdty,DETV21 Comdty,DETX21 Comdty,DETZ21 Comdty
2021-05-05,DETM21 Comdty,DETN21 Comdty,DETQ21 Comdty,DETU21 Comdty,DETV21 Comdty,DETX21 Comdty,DETZ21 Comdty,DETF22 Comdty
2021-05-12,DETM21 Comdty,DETN21 Comdty,DETQ21 Comdty,DETU21 Comdty,DETV21 Comdty,DETX21 Comdty,DETZ21 Comdty,DETF22 Comdty
2021-05-19,DETM21 Comdty,DETN21 Comdty,DETQ21 Comdty,DETU21 Comdty,DETV21 Comdty,DETX21 Comdty,DETZ21 Comdty,DETF22 Comdty
2021-05-26,DETM21 Comdty,DETN21 Comdty,DETQ21 Comdty,DETU21 Comdty,DETV21 Comdty,DETX21 Comdty,DETZ21 Comdty,DETF22 Comdty
2021-06-02,DETN21 Comdty,DETQ21 Comdty,DETU21 Comdty,DETV21 Comdty,DETX21 Comdty,DETZ21 Comdty,DETF22 Comdty,DETG22 Comdty
2021-06-09,DETN21 Comdty,DETQ21 Comdty,DETU21 Comdty,DETV21 Comdty,DETX21 Comdty,DETZ21 Comdty,DETF22 Comdty,DETG22 Comdty
2021-06-16,DETN21 Comdty,DETQ21 Comdty,DETU21 Comdty,DETV21 Comdty,DETX21 Comdty,DETZ21 Comdty,DETF22 Comdty,DETG22 Comdty
2021-06-23,DETN21 Comdty,DETQ21 Comdty,DETU21 Comdty,DETV21 Comdty,DETX21 Comdty,DETZ21 Comdty,DETF22 Comdty,DETG22 Comdty
2021-06-30,DETN21 Comdty,DETQ21 Comdty,DETU21 Comdty,DETV21 Comdty,DETX21 Comdty,DETZ21 Comdty,DETF22 Comdty,DETG22 Comdty
